BASELINE, 
PARAMETERS,
window_size, threshold_L, threshold_H, alpha_ini, p_t_ini, min_packages, max_packages,
60,200,250,0.5,75,5,10,
WINDOWS,
step, NOx_total_w, NOx_total_acum, p_t, e_t, p_t_total, e_t_total, vehicles_in_control_zone_w 
0,75,75,75,75,0,75,0,
60,444.0395844905346,519.0395844905346,37.5,0,444.0395844905346,444.0395844905346,0,
120,3296.1674042257464,3815.206988716281,18.75,0,3518.1871964710135,3296.1674042257464,0,
180,18228.77521363398,22043.98220235026,10.038182024437404,0,20112.306065592442,18228.77521363398,0,
240,33163.428980170305,55207.41118252056,6.08360159963813,0,45352.41470041155,33163.428980170305,0,
300,40036.54445425511,95243.95563677567,3.4909805839811923,0,66061.32542696338,40036.54445425511,0,
360,50630.23790971128,145874.19354648696,2.077913098980068,0,89951.48021926513,50630.23790971128,0,
420,59717.472735159165,205591.66628164612,35.083057218283926,33.8664535727454,112383.43783738602,59717.472735159165,3,
480,74038.20530425377,279629.8715858999,292.4736926447154,273.09341453710874,136120.0890587393,74038.20530425377,8,
540,83191.98865725224,362821.8602431521,486.880758571172,340.6439122488143,151252.0331866219,83191.98865725224,8,
600,83890.02632667663,446711.8865698287,635.4359072655612,391.99552797997524,159516.04291998758,83890.02632667663,8,
660,91202.90969772785,537914.7962675566,694.3003545664103,348.2102121406999,178083.31633218037,91202.90969772785,8,
720,85824.92590186793,623739.7221694245,771.1278749603824,347.921170744613,194374.56567242855,85824.92590186793,8,
780,98460.1430897991,722199.8652592236,874.3374999879455,367.54270137927205,226205.5171883139,98460.1430897991,8,
840,101487.3606857508,823687.2259449745,904.7247710925151,310.480983036118,255228.01965908014,101487.3606857508,7,
900,114576.85614466708,938264.0820896416,650.1014428981653,128.8921814429134,261612.96246079734,114576.85614466708,4,
960,117133.82624915976,1055397.9083388015,388.7483500239149,0,273573.42288828664,117133.82624915976,0,
1020,128371.82847283891,1183769.7368116404,272.2791573886468,0,319982.5222889497,128371.82847283891,0,
1080,130179.46337760567,1313949.200189246,181.87553216654902,0,343919.6265375347,130179.46337760567,0,
1140,146331.1452123053,1460280.3454015513,533.3653174991938,413.2200334292555,373521.25008985924,146331.1452123053,6,
1200,152088.86945433525,1612369.2148558865,1043.6625343429935,676.9474545899131,408903.23387235915,152088.86945433525,9,
1260,171269.2463175096,1783638.461173396,1631.9677197622655,888.3141327137728,462630.0517682241,171269.2463175096,13,
1320,185440.16167786985,1969078.622851266,2814.6914081282334,1461.6414033675203,569002.6465036301,185440.16167786985,18,
1380,194180.9878426891,2163259.6106939553,3926.4368730960996,1783.5022118752831,627384.9582665237,194180.9878426891,19,
1440,207990.45131304138,2371250.062006997,4306.675698873799,1839.6641248755193,602181.4197203566,207990.45131304138,22,
1500,236647.62066285178,2607897.6826698487,4253.885536263189,1939.2010902068482,560298.6367575466,236647.62066285178,20,
1560,247719.46413587985,2855617.1468057283,4531.65140353366,1998.7596303837536,581338.174712885,247719.46413587985,19,
1620,260828.9269887099,3116446.073794438,4128.44936522576,1862.6236634589297,551498.0143451524,260828.9269887099,18,
1680,271280.513340393,3387726.587134831,3635.8449447928065,1571.6202621799266,547029.5205129692,271280.513340393,17,
1740,273001.57047582266,3660728.157610654,3027.109805993426,1209.1873335970229,546516.3307323073,273001.57047582266,15,
1800,276103.0912343167,3936831.2488449705,2522.417285456687,727.2853736575096,600197.3489564923,276103.0912343167,10,
1860,257547.13356082828,4194378.382405799,2071.6537919685934,402.7834579640923,654646.993285381,257547.13356082828,7,
1920,241513.93314354334,4435892.315549342,1647.1196204670412,175.20866058942744,706640.9191309235,241513.93314354334,6,
1980,226305.1394820439,4662197.455031386,1336.7012520012663,31.837139195501305,786112.9181985463,226305.1394820439,3,
2040,227384.55925243822,4889582.014283824,909.7652452264791,20.945052497329712,750098.9910778108,227384.55925243822,2,
2100,213571.74887144458,5103153.7631552685,657.4762312253749,22.129336169582952,737413.550332139,213571.74887144458,2,
2160,217168.2133635059,5320321.976518774,427.16880921931084,0.0,696273.0893078134,217168.2133635059,1,
2220,218091.04175313166,5538413.018271906,323.09816044856905,0,744731.9140966428,218091.04175313166,0,
2280,227249.07522806549,5765662.093499972,243.59654181506517,0,788732.0579890705,227249.07522806549,0,
2340,228187.72245255345,5993849.815952525,163.1401867134311,0,756413.1818471823,228187.72245255345,0,
2400,222148.59059872068,6215998.406551246,329.2995710789305,205.33207483670796,796934.3019999458,222148.59059872068,2,
2460,225570.6109888864,6441569.017540132,434.70553530427156,158.10497125856477,894968.6205833803,225570.6109888864,2,
2520,223151.26953041137,6664720.2870705435,575.8610696950257,211.11970629113694,974078.1576520315,223151.26953041137,2,
2580,220997.14635848344,6885717.433429027,625.8568572795582,160.38794548629815,1008345.2132871884,220997.14635848344,2,
2640,206456.37870499922,7092173.812134027,612.7038818288784,185.24705952504885,895150.6634182346,206456.37870499922,2,
2700,210613.92031946217,7302787.732453489,595.7907647758916,173.19004646375927,828026.8739128922,210613.92031946217,2,
2760,210764.17017479034,7513551.902628279,560.4803456248616,97.76575564396607,853842.4756934833,210764.17017479034,2,
2820,221579.25490660997,7735131.157534889,386.48530372982367,0,810355.5985050938,221579.25490660997,0,
2880,211221.0156597913,7946352.17319468,222.40310575803872,0,677540.4335953711,211221.0156597913,0,
2940,237676.70848901963,8184028.8816837,119.69592633870695,0,602324.6281064632,237676.70848901963,0,
3000,203809.48908013778,8387838.370763837,851.5887752011622,777.4533707594605,576867.9654689895,203809.48908013778,12,
3060,184303.22703296735,8572141.597796805,1450.0005881576142,1008.8393291895736,483146.7596341522,184303.22703296735,12,
3120,167221.7080399022,8739363.305836707,2329.9335622488893,1519.870329772929,437138.4439819323,167221.7080399022,16,
3180,161257.90245740887,8900621.208294116,2814.1418885029484,1353.6927631441304,435265.05378489825,161257.90245740887,16,
3240,164114.0896856424,9064735.297979759,3629.949065122781,1572.951641337154,482271.1442241205,164114.0896856424,19,
3300,161530.63051411687,9226265.928493876,3452.562833514132,1174.3510167527088,464211.411963947,161530.63051411687,20,
3360,155925.24279118312,9382191.17128506,5272.820524073008,2960.5318929003756,466822.05252492445,155925.24279118312,19,
3420,150678.10462383437,9532869.275908893,9338.324439648966,5942.040004314908,451363.5658153723,150678.10462383437,17,
3480,150225.19809885207,9683094.474007744,15839.913518582802,9724.13067124294,445828.71579282265,150225.19809885207,12,
3540,156262.3311800699,9839356.805187814,20493.260169204746,9081.944146981084,477444.1584498703,156262.3311800699,9,
3600,154420.93308198382,9993777.738269798,27712.392129243774,11407.165709642273,534293.8787219124,154420.93308198382,7,
3660,161323.1563441747,10155100.894613974,31522.726424929286,9763.15063053642,580846.959858096,161323.1563441747,6,
3720,153372.33225559184,10308473.226869566,30705.664347295475,10279.69460188245,529747.2139471021,153372.33225559184,4,
3780,158395.11415843683,10466868.341028003,30349.196866549624,7987.978583069077,544180.386613556,158395.11415843683,3,
3840,145230.58817504504,10612098.929203048,24726.24149224792,4238.061343041199,512596.67840895266,145230.58817504504,1,
3900,131647.9424344365,10743746.871637484,15914.088568349254,0,461560.95984952664,131647.9424344365,0,
3960,130993.6911322953,10874740.56276978,9819.294617164695,0,415785.56149788457,130993.6911322953,0,
4020,132764.99980516804,11007505.562574947,6161.116784032075,0,393649.6663090951,132764.99980516804,0,
4080,123471.92151518827,11130977.484090136,4607.72432481906,0,417871.3309875539,123471.92151518827,0,
4140,131254.12647100489,11262231.610561142,3441.6860614092147,0,443378.25411808514,131254.12647100489,0,
4200,118145.74084856469,11380377.351409707,2453.5303264344243,0,434223.95749882143,118145.74084856469,0,
4260,108303.20868448439,11488680.56009419,1561.1020258869553,0,384585.87470115756,108303.20868448439,0,
4320,101654.36126097133,11590334.921355162,1072.6904773643203,0,365917.42586520175,101654.36126097133,0,
4380,100794.52673127383,11691129.448086435,686.902768118669,0,335111.5995808899,100794.52673127383,0,
4440,100175.4788642373,11791304.926950673,368.2031459956317,0,279806.6449508987,100175.4788642373,0,
4500,97883.23556753637,11889188.162518209,218.69609942825355,0,264075.7912541566,97883.23556753637,0,
4560,92370.61602176169,11981558.77853997,150.0824674446508,0,273595.3678460373,92370.61602176169,0,
4620,76221.88972553982,12057780.66826551,276.4837369652597,183.59246015215214,245559.611060265,76221.88972553982,4,
4680,60483.177091447746,12118263.845356958,445.52127417854456,289.47564039475634,199075.43412685636,60483.177091447746,4,
4740,59990.01139709239,12178253.85675405,538.9595008097813,287.87376182001674,172184.4348499626,59990.01139709239,4,
4800,57366.128479657884,12235619.985233707,563.3868311164672,293.90708071157655,143458.34590463917,57366.128479657884,4,
4860,45417.03397774229,12281037.019211449,569.2434977953606,287.5500822371269,117146.20693006188,45417.03397774229,4,
4920,33781.23183055743,12314818.251042007,571.2083881938204,286.58663929614005,92354.33529558836,33781.23183055743,4,
4980,28533.79842940333,12343352.04947141,398.3645527530774,81.26795787933062,79802.73258609569,28533.79842940333,4,
5040,21299.847972708725,12364651.897444118,275.10140107963036,9.791804163604686,74448.22844203722,21299.847972708725,1,
5100,14096.79912036826,12378748.696564486,151.58042542201963,0,55117.65213991794,14096.79912036826,0,
5160,10600.939482983762,12389349.63604747,81.58550069734837,0,40267.04732360896,10600.939482983762,0,
5220,1781.7410239369965,12391131.377071407,40.79275034867418,0,21915.264685741477,1781.7410239369965,0,
5280,561.2354735127567,12391692.61254492,20.39637517433709,0,11518.867816383496,561.2354735127567,0,
5340,467.10008556920815,12392159.71263049,12.116267230699822,0,7309.770877093626,467.10008556920815,0,
5400,342.669293457324,12392502.381923947,8.570407991900241,0,5513.215432062455,342.669293457324,0,
5460,240.75067680296496,12392743.13260075,7.246178284041507,0,4902.108919818858,240.75067680296496,0,
5520,7.588788244320401,12392750.721388996,5.818968514515632,0,3944.1766475265267,7.588788244320401,0,
VEHICLES,
id, NOx_total_veh, n_packages, step_ini, step_fin, total_time(sec),median_package,
veh2,3490.4961956769794,5,8,1290,1282,256.4,
veh798,873.7123908732501,9,2918,4573,1655,183.88888888888889,
veh541,1080.1967002884226,5,1980,3752,1772,354.4,
veh824,1148.3487316095377,10,3002,4554,1552,155.2,
veh830,5842.923667297264,7,3009,4547,1538,219.71428571428572,
veh828,4908.877609848319,6,3000,4839,1839,306.5,
veh466,4514.5731256430645,5,1670,3340,1670,334.0,
veh461,963.4101411589373,9,1657,3513,1856,206.22222222222223,
veh464,748.8224047784507,6,1664,3079,1415,235.83333333333334,
veh826,1344.1188712192939,7,3001,4614,1613,230.42857142857142,
veh462,1562.5298406434204,5,1660,3515,1855,371.0,
veh463,131219.86461406795,10,1659,3304,1645,164.5,
veh467,1522.5840424761357,9,1674,3328,1654,183.77777777777777,
veh829,0.0,5,3006,4505,1499,299.8,
veh833,3743.41774957897,9,3013,4507,1494,166.0,
veh465,6027.002855296571,6,1668,3517,1849,308.1666666666667,
veh831,0.0,6,3011,4575,1564,260.6666666666667,
veh834,3835.250653065037,5,3017,4509,1492,298.4,
veh0,565.7941021067966,6,2,1138,1136,189.33333333333334,
veh836,0.0,7,3021,4579,1558,222.57142857142858,
veh480,4726.563020396442,10,1742,3168,1426,142.6,
veh469,3558.192869872683,5,1680,3369,1689,337.8,
veh4,0.0,5,16,1172,1156,231.2,
veh470,676.9421847799999,9,1686,3096,1410,156.66666666666666,
veh832,125595.05838193175,6,3014,4577,1563,260.5,
veh468,812.2525476873267,5,1676,3311,1635,327.0,
veh843,5219.4679809769,7,3046,4618,1572,224.57142857142858,
veh479,1145.1714474130063,9,1739,3311,1572,174.66666666666666,
veh1,781.618607860189,9,5,1288,1283,142.55555555555554,
veh476,1006.2849680271321,6,1703,3520,1817,302.8333333333333,
veh835,1221.9858723228856,9,3019,4972,1953,217.0,
veh3,1040.9650600732666,7,11,1291,1280,182.85714285714286,
veh471,796.1327477627029,7,1687,3330,1643,234.71428571428572,
veh475,4012.3210782062833,6,1701,3351,1650,275.0,
veh472,1877.3748340803213,6,1689,3518,1829,304.8333333333333,
veh837,848.7792465919432,6,3022,4549,1527,254.5,
veh838,790.2422850178879,5,3035,4555,1520,304.0,
veh6,737.4994610359203,8,23,1178,1155,144.375,
veh473,3288.218968806725,6,1694,3125,1431,238.5,
veh841,869.9324811873764,7,3041,4616,1575,225.0,
veh474,1242.3537040654492,9,1696,3161,1465,162.77777777777777,
veh842,751.9444494092211,6,3045,4927,1882,313.6666666666667,
veh5,0.0,8,20,1803,1783,222.875,
veh839,6338.834835111394,6,3037,4510,1473,245.5,
veh7,955.7873118380443,8,26,1689,1663,207.875,
veh478,1003.4146281846893,5,1715,3398,1683,336.6,
veh840,794.0504687797307,6,3039,4557,1518,253.0,
veh477,5785.498973161071,6,1706,3522,1816,302.6666666666667,
veh845,1761.3622188409283,6,3047,4807,1760,293.3333333333333,
veh8,928.9644301281162,10,33,1316,1283,128.3,
veh844,1339.3387900890116,10,3049,4620,1571,157.1,
veh484,837.5657642873865,7,1752,3332,1580,225.71428571428572,
veh9,1135.010757190449,8,36,1754,1718,214.75,
veh846,3948.1877078680554,8,3049,5013,1964,245.5,
veh848,142207.31457893545,10,3053,4787,1734,173.4,
veh10,1487.8967075723242,6,48,1756,1708,284.6666666666667,
veh482,1003.4221651334002,8,1750,3524,1774,221.75,
veh11,0.0,5,52,1805,1753,350.6,
veh849,1230.015184653555,7,3057,4791,1734,247.71428571428572,
veh481,1434.7535932204103,9,1746,3353,1607,178.55555555555554,
veh858,728.5553796894653,10,3094,4844,1750,175.0,
veh485,812.8897199499016,6,1757,3371,1614,269.0,
veh13,1287.7277612419055,8,65,1693,1628,203.5,
veh12,4246.881769792521,8,62,1691,1629,203.625,
veh483,1730.4123961305918,9,1753,3526,1773,197.0,
veh847,0.0,5,3050,4785,1735,347.0,
veh487,1561.7100207417886,7,1759,3333,1574,224.85714285714286,
veh850,0.0,10,3062,4550,1488,148.8,
veh14,4976.326373743251,9,72,1563,1491,165.66666666666666,
veh488,1003.4478776538424,6,1760,3527,1767,294.5,
veh852,1147.602741051611,10,3068,4613,1545,154.5,
veh854,6069.912991039051,6,3075,4707,1632,272.0,
veh490,753.7352022877058,9,1768,3194,1426,158.44444444444446,
veh859,1169.4133914623555,8,3104,5016,1912,239.0,
veh15,4768.059406475492,5,74,1659,1585,317.0,
veh851,3355.902020723418,8,3065,4591,1526,190.75,
veh17,4492.5685549371,8,83,1767,1684,210.5,
veh486,7128.592932193744,9,1760,3372,1612,179.11111111111111,
veh855,6679.3052101143285,5,3076,4789,1713,342.6,
veh16,734.6351887786045,10,80,1766,1686,168.6,
veh491,126771.6137214823,7,1770,3342,1572,224.57142857142858,
veh18,1494.4277245349153,7,83,1757,1674,239.14285714285714,
veh489,723.7157406122919,5,1764,3337,1573,314.6,
veh853,3590.5096763563038,6,3071,4705,1634,272.3333333333333,
veh856,126514.99218532901,10,3082,4622,1540,154.0,
veh25,0.0,5,109,1799,1690,338.0,
veh493,1267.3694713036946,5,1777,3169,1392,278.4,
veh24,0.0,5,108,1901,1793,358.6,
veh21,1788.731504084724,9,89,1761,1672,185.77777777777777,
veh19,0.0,10,85,1131,1046,104.6,
veh20,938.5582385894465,6,86,1759,1673,278.8333333333333,
veh492,136360.5310410773,5,1774,3344,1570,314.0,
veh857,0.0,6,3091,4593,1502,250.33333333333334,
veh864,836.4264842239161,7,3122,4559,1437,205.28571428571428,
veh494,809.6387764536345,8,1788,3313,1525,190.625,
veh860,741.154668218218,10,3108,4723,1615,161.5,
veh22,1089.6206391187136,5,92,1597,1505,301.0,
veh495,1154.018246459058,9,1800,3526,1726,191.77777777777777,
veh23,0.0,7,95,1750,1655,236.42857142857142,
veh499,885.5626304688943,5,1807,3197,1390,278.0,
veh26,128576.00570528027,10,113,1801,1688,168.8,
veh496,1195.7008429301686,8,1801,3346,1545,193.125,
veh865,800.0617763710768,6,3123,4615,1492,248.66666666666666,
veh28,1468.3770118246418,9,118,1803,1685,187.22222222222223,
veh862,938.792117972122,10,3110,4865,1755,175.5,
veh27,160484.86216502887,5,112,1763,1651,330.2,
veh863,0.0,10,3115,4709,1594,159.4,
veh810,1086.0030258219342,7,2957,4574,1617,231.0,
veh497,4974.2715651120925,8,1803,3399,1596,199.5,
veh861,996.618742654941,9,3111,4667,1556,172.88888888888889,
veh498,0.0,8,1804,3195,1391,173.875,
veh500,0.0,6,1815,3314,1499,249.83333333333334,
veh385,0.0,7,1350,3058,1708,244.0,
veh261,944.2382667502135,8,945,2552,1607,200.875,
veh867,764.2922551781656,8,3127,5105,1978,247.25,
veh989,4799.019777186686,8,3482,5124,1642,205.25,
veh260,4016.573680172359,7,945,2926,1981,283.0,
veh380,4752.682945981267,7,1338,3072,1734,247.71428571428572,
veh866,770.6158439729448,8,3124,4668,1544,193.0,
veh868,0.0,9,3128,4807,1679,186.55555555555554,
veh992,1166.716015794098,8,3496,5131,1635,204.375,
veh381,1197.376593605222,8,1343,2908,1565,195.625,
veh262,1696.2852952130615,7,948,2554,1606,229.42857142857142,
veh383,0.0,8,1344,2940,1596,199.5,
veh869,5061.146281456141,6,3129,4600,1471,245.16666666666666,
veh267,106007.41095838996,10,976,2527,1551,155.1,
veh990,962.4103545465284,6,3484,5192,1708,284.6666666666667,
veh263,4939.05185103814,10,950,2497,1547,154.7,
veh266,781.1162136121056,9,965,2578,1613,179.22222222222223,
veh874,1155.950847642619,6,3148,4725,1577,262.8333333333333,
veh991,1517.8654008492815,10,3486,5125,1639,163.9,
veh382,102508.32326588429,9,1346,2911,1565,173.88888888888889,
veh872,3745.849559441792,7,3140,4879,1739,248.42857142857142,
veh995,0.0,10,3503,5437,1934,193.4,
veh265,1386.834050002299,6,956,2928,1972,328.6666666666667,
veh870,1002.7953756432828,9,3130,4739,1609,178.77777777777777,
veh994,1413.516814775348,8,3499,4988,1489,186.125,
veh264,3231.604674776654,8,953,2248,1295,161.875,
veh384,1608.5532666335444,5,1347,3056,1709,341.8,
veh871,848.882004081879,10,3133,4741,1608,160.8,
veh873,7283.9892875618225,10,3146,4867,1721,172.1,
veh993,0.0,8,3497,5165,1668,208.5,
veh1001,4262.130984733698,8,3517,5166,1649,206.125,
veh387,0.0,6,1363,3005,1642,273.6666666666667,
veh996,4188.431776099187,8,3506,5128,1622,202.75,
veh386,0.0,9,1361,2909,1548,172.0,
veh268,995.1254305364763,9,980,2536,1556,172.88888888888889,
veh269,1177.9844107009046,7,978,2443,1465,209.28571428571428,
veh388,1419.4359478663248,10,1366,3006,1640,164.0,
veh875,776.4741854535133,8,3153,4578,1425,178.125,
veh274,4856.153922436229,9,991,2725,1734,192.66666666666666,
veh880,1338.617872806844,8,3170,4793,1623,202.875,
veh1000,4652.937328396611,8,3518,5134,1616,202.0,
veh997,6822.756762503667,7,3509,5130,1621,231.57142857142858,
veh390,0.0,8,1376,3097,1721,215.125,
veh918,6307.1107741632995,10,3265,4830,1565,156.5,
veh389,0.0,10,1375,3008,1633,163.3,
veh877,0.0,7,3160,4784,1624,232.0,
veh998,0.0,5,3510,5554,2044,408.8,
veh270,3609.9013851495274,10,981,2507,1526,152.6,
veh878,1434.1762508876882,9,3162,4869,1707,189.66666666666666,
veh999,0.0,8,3515,5132,1617,202.125,
veh272,837.2646568848887,8,981,2580,1599,199.875,
veh1002,136300.06405406405,9,3520,5168,1648,183.11111111111111,
veh276,3944.524673380171,10,999,2727,1728,172.8,
veh391,0.0,8,1379,3099,1720,215.0,
veh271,101469.03087235877,9,985,2544,1559,173.22222222222223,
veh395,0.0,9,1395,3062,1667,185.22222222222223,
veh876,4116.113652245217,7,3156,4595,1439,205.57142857142858,
veh275,4021.1385211978254,6,993,2547,1554,259.0,
veh393,5421.495676276375,6,1389,3060,1671,278.5,
veh273,1293.9986235995525,8,990,2546,1556,194.5,
veh392,0.0,9,1386,2913,1527,169.66666666666666,
veh809,832.4099132869183,9,2947,4506,1559,173.22222222222223,
veh879,4944.119749985024,8,3168,4743,1575,196.875,
veh1003,0.0,7,3529,5005,1476,210.85714285714286,
veh1004,773.792732235425,9,3533,5127,1594,177.11111111111111,
veh394,0.0,7,1393,2779,1386,198.0,
veh881,1155.94074668019,8,3171,4706,1535,191.875,
veh888,750.7602064781485,7,3191,5127,1936,276.57142857142856,
veh1005,966.3993180667327,6,3536,5169,1633,272.1666666666667,
veh278,1121.2911837593908,10,1009,2499,1490,149.0,
veh399,93708.69447872718,10,1410,2804,1394,139.4,
veh882,0.0,5,3182,4795,1613,322.6,
veh397,814.7908897980301,8,1401,2902,1501,187.625,
veh277,1530.424484399892,8,1003,2729,1726,215.75,
veh396,934.9654660570482,10,1398,2900,1502,150.2,
veh398,4409.601258744027,10,1403,2915,1512,151.2,
veh886,3943.0240528605977,6,3191,4885,1694,282.3333333333333,
veh402,121757.51685681962,9,1424,2996,1572,174.66666666666666,
veh883,0.0,9,3183,4846,1663,184.77777777777777,
veh1006,4821.708838685369,8,3538,5175,1637,204.625,
veh282,717.1861900163495,7,1015,2594,1579,225.57142857142858,
veh885,770.5410282499407,8,3188,4593,1405,175.625,
veh401,115924.4959164072,10,1422,2942,1520,152.0,
veh884,4240.303738260453,6,3187,4785,1598,266.3333333333333,
veh1007,5090.690986205799,6,3540,5449,1909,318.1666666666667,
veh279,5175.9747066172295,8,1010,2563,1553,194.125,
veh400,0.0,8,1414,2925,1511,188.875,
veh280,2933.199524077713,6,1011,2230,1219,203.16666666666666,
veh1008,4854.036152802452,9,3542,5184,1642,182.44444444444446,
veh890,0.0,6,3192,4848,1656,276.0,
veh1019,6502.048206688565,9,3582,5129,1547,171.88888888888889,
veh281,1120.365165670067,8,1013,2487,1474,184.25,
veh892,1316.3594902443342,7,3197,4707,1510,215.71428571428572,
veh403,0.0,9,1426,2916,1490,165.55555555555554,
veh1011,6769.671843035433,9,3551,5136,1585,176.11111111111111,
veh1009,946.5277930231418,6,3550,5472,1922,320.3333333333333,
veh283,0.0,7,1020,2596,1576,225.14285714285714,
veh887,132910.02266430476,10,3194,4887,1693,169.3,
veh1013,110485.53276331426,5,3559,5138,1579,315.8,
veh889,1479.9127647428131,6,3194,4787,1593,265.5,
veh285,3759.2327425734215,9,1029,2176,1147,127.44444444444444,
veh404,127889.32926674274,8,1429,2918,1489,186.125,
veh1012,5233.65168980833,7,3552,5186,1634,233.42857142857142,
veh411,4542.22171311093,8,1446,3102,1656,207.0,
veh1010,1670.3321678561472,9,3553,5450,1897,210.77777777777777,
veh405,4048.066671038913,8,1428,3074,1646,205.75,
veh899,1314.2426410303528,10,3221,4889,1668,166.8,
veh948,735.7936085591992,9,3356,5223,1867,207.44444444444446,
veh284,629.0655723384406,7,1026,2633,1607,229.57142857142858,
veh891,0.0,10,3196,4898,1702,170.2,
veh287,3765.215482258336,6,1036,2717,1681,280.1666666666667,
veh406,785.6941350628439,10,1430,3064,1634,163.4,
veh897,4849.743880588036,9,3214,4897,1683,187.0,
veh408,147376.74389719495,7,1435,3100,1665,237.85714285714286,
veh1014,0.0,10,3567,5177,1610,161.0,
veh1016,1249.6026635699454,8,3572,5140,1568,196.0,
veh286,6910.842446929939,7,1031,3046,2015,287.85714285714283,
veh407,737.2010238816256,6,1432,3156,1724,287.3333333333333,
veh895,1299.5022275557242,7,3207,4850,1643,234.71428571428572,
veh894,0.0,6,3206,4796,1590,265.0,
veh1015,1498.0661791891148,6,3570,5226,1656,276.0,
veh893,0.0,9,3201,4737,1536,170.66666666666666,
veh1017,810.907685161482,9,3578,5171,1593,177.0,
veh289,7317.779524457277,9,1038,2555,1517,168.55555555555554,
veh410,134240.54230729956,6,1444,3066,1622,270.3333333333333,
veh290,6895.245694626779,5,1049,2929,1880,376.0,
veh409,134094.17048151483,5,1439,3158,1719,343.8,
veh288,135636.92090234233,10,1037,2511,1474,147.4,
veh412,110538.20366418373,5,1452,2973,1521,304.2,
veh1022,5656.681367582738,9,3594,5141,1547,171.88888888888889,
veh292,1133.5421756572482,7,1053,2300,1247,178.14285714285714,
veh896,0.0,6,3212,4851,1639,273.1666666666667,
veh1018,1774.083392721629,5,3581,5452,1871,374.2,
veh1021,4498.312061895221,5,3593,5171,1578,315.6,
veh291,2894.5901640481698,10,1051,2298,1247,124.7,
veh898,1176.6247948240768,7,3217,5049,1832,261.7142857142857,
veh414,4246.7885495062355,7,1455,3072,1617,231.0,
veh900,4500.457410434985,8,3223,4914,1691,211.375,
veh293,0.0,7,1056,2557,1501,214.42857142857142,
veh413,0.0,7,1456,3301,1845,263.57142857142856,
veh1024,887.3030318716326,10,3597,5172,1575,157.5,
veh295,94088.48683230544,7,1068,2536,1468,209.71428571428572,
veh415,0.0,7,1475,3076,1601,228.71428571428572,
veh297,1418.8710287668705,7,1074,2719,1645,235.0,
veh416,117668.88384420602,9,1489,2998,1509,167.66666666666666,
veh294,897.4841970486085,6,1066,2730,1664,277.3333333333333,
veh902,6562.749111520223,9,3225,4798,1573,174.77777777777777,
veh1020,727.7914083535915,6,3590,5169,1579,263.1666666666667,
veh298,884.6957029080153,7,1080,2732,1652,236.0,
veh901,0.0,8,3224,4740,1516,189.5,
veh419,1500.188179521078,6,1507,3104,1597,266.1666666666667,
veh904,0.0,6,3228,5124,1896,316.0,
veh1023,6446.5372106757895,8,3596,5322,1726,215.75,
veh417,767.1860531881265,7,1490,2975,1485,212.14285714285714,
veh418,107228.59196899469,9,1502,3068,1566,174.0,
veh906,4795.488934287965,7,3233,4882,1649,235.57142857142858,
veh296,6864.761175075637,7,1071,2597,1526,218.0,
veh903,5977.558073816809,8,3227,4742,1515,189.375,
veh1025,1465.1284246456714,6,3598,5172,1574,262.3333333333333,
veh905,4077.948806709666,8,3230,4881,1651,206.375,
veh300,0.0,8,1083,2559,1476,184.5,
veh78,5609.447139982306,6,296,1792,1496,249.33333333333334,
veh305,3564.8909905583578,10,1095,2641,1546,154.6,
veh74,739.7111676894834,10,284,1851,1567,156.7,
veh299,848.5558935098061,9,1081,2110,1029,114.33333333333333,
veh65,0.0,7,264,1943,1679,239.85714285714286,
veh308,130677.04358294747,8,1118,2721,1603,200.375,
veh66,1118.472032897202,9,269,1892,1623,180.33333333333334,
veh302,0.0,5,1084,3048,1964,392.8,
veh67,771.5413006800225,8,270,1935,1665,208.125,
veh303,3051.9362234075097,6,1085,2273,1188,198.0,
veh68,1470.126439125936,9,271,1945,1674,186.0,
veh301,548.4240790225115,6,1086,2361,1275,212.5,
veh69,5703.292845201902,8,272,1816,1544,193.0,
veh136,4224.612388299911,10,501,1947,1446,144.6,
veh310,4886.822543132647,5,1122,2749,1627,325.4,
veh137,1027.385651999214,6,503,1988,1485,247.5,
veh304,0.0,6,1094,2598,1504,250.66666666666666,
veh71,4343.8184469576045,5,276,1867,1591,318.2,
veh72,4945.302240721644,8,279,1849,1570,196.25,
veh306,6267.226008230902,10,1101,2643,1542,154.2,
veh309,1223.348884340366,6,1119,2560,1441,240.16666666666666,
veh70,1352.699574850033,9,275,1817,1542,171.33333333333334,
veh307,0.0,5,1110,2650,1540,308.0,
veh73,120824.32776590038,6,282,1896,1614,269.0,
veh312,4694.889320244256,6,1124,2644,1520,253.33333333333334,
veh77,1617.408500459438,10,292,1938,1646,164.6,
veh315,1144.2163398199489,5,1140,2538,1398,279.6,
veh311,1132.984313879787,7,1123,2652,1529,218.42857142857142,
veh75,6721.590525323026,8,287,1937,1650,206.25,
veh76,1385.6185228752022,8,290,1819,1529,191.125,
veh79,971.074144625714,10,301,1940,1639,163.9,
veh313,129896.53437106304,6,1133,2723,1590,265.0,
veh82,848.0173354916461,7,311,1854,1543,220.42857142857142,
veh314,3979.399390361151,7,1139,2537,1398,199.71428571428572,
veh319,5648.7422059089595,9,1152,3051,1899,211.0,
veh80,4335.240404865977,10,303,1813,1510,151.0,
veh321,0.0,5,1163,2935,1772,354.4,
veh81,1358.1370188249887,10,308,1853,1545,154.5,
veh317,5307.382303580197,8,1144,3050,1906,238.25,
veh318,846.241728620328,5,1147,2725,1578,315.6,
veh817,1633.482190801061,8,2983,4576,1593,199.125,
veh316,4123.184213678082,5,1142,2550,1408,281.6,
veh83,3665.161717031007,5,314,1856,1542,308.4,
veh90,1222.2020826791393,8,330,1810,1480,185.0,
veh84,0.0,8,316,1941,1625,203.125,
veh85,1087.4915233622403,10,317,1825,1508,150.8,
veh88,1312.1749234863219,6,321,1897,1576,262.6666666666667,
veh320,3767.1569313754812,8,1155,2539,1384,173.0,
veh87,0.0,9,319,1943,1624,180.44444444444446,
veh86,1028.155252418625,5,320,1827,1507,301.4,
veh322,0.0,8,1170,2874,1704,213.0,
veh326,139811.69043900538,5,1190,2933,1743,348.6,
veh327,103211.1351072296,6,1193,2695,1502,250.33333333333334,
veh323,0.0,9,1174,2968,1794,199.33333333333334,
veh324,772.73422636503,9,1181,2829,1648,183.11111111111111,
veh89,742.6632345223669,9,327,1806,1479,164.33333333333334,
veh92,112247.19998099463,8,338,1947,1609,201.125,
veh91,103930.76737107374,7,334,1879,1545,220.71428571428572,
veh99,0.0,9,360,1858,1498,166.44444444444446,
veh325,898.9360345117378,9,1182,2662,1480,164.44444444444446,
veh94,0.0,5,340,1941,1601,320.2,
veh93,978.5824443788686,10,339,1942,1603,160.3,
veh332,871.0666033407276,10,1198,2831,1633,163.3,
veh328,1160.1145499347015,9,1194,2711,1517,168.55555555555554,
veh98,4467.016238982996,10,357,1988,1631,163.1,
veh329,4531.716232846331,10,1195,2969,1774,177.4,
veh818,1919.5206417464788,5,2985,4806,1821,364.2,
veh95,118428.39086278883,8,344,1815,1471,183.875,
veh96,115643.29094392204,5,345,1869,1524,304.8,
veh330,0.0,10,1196,2734,1538,153.8,
veh97,0.0,7,353,1986,1633,233.28571428571428,
veh331,6008.8504202478325,8,1197,2734,1537,192.125,
veh333,0.0,8,1203,2971,1768,221.0,
veh336,7453.413328609024,8,1208,2832,1624,203.0,
veh378,988.7343854781828,6,1329,2940,1611,268.5,
veh379,732.6814877406472,7,1337,3095,1758,251.14285714285714,
veh337,149494.63593045645,8,1211,2834,1623,202.875,
veh100,982.9431581374323,8,365,1818,1453,181.625,
veh335,1520.157101745266,6,1205,3055,1850,308.3333333333333,
veh101,6283.9227935725185,10,370,1990,1620,162.0,
veh103,1022.848469072875,6,372,1944,1572,262.0,
veh334,3944.7895335208204,9,1206,2664,1458,162.0,
veh542,3356.2484023668885,8,1985,3429,1444,180.5,
veh424,0.0,10,1530,3106,1576,157.6,
veh785,3961.130203957165,7,2869,4858,1989,284.14285714285717,
veh105,1314.1108657361528,6,376,1903,1527,254.5,
veh509,6361.849984533146,7,1837,3339,1502,214.57142857142858,
veh547,0.0,6,1996,3624,1628,271.3333333333333,
veh590,1443.0966123676797,8,2142,3733,1591,198.875,
veh784,5991.9751161569175,9,2858,4565,1707,189.66666666666666,
veh789,890.4360559690721,6,2884,4782,1898,316.3333333333333,
veh102,4531.470885279173,6,373,1992,1619,269.8333333333333,
veh420,5317.83067297299,8,1512,3108,1596,199.5,
veh582,1118.9885362316122,8,2124,3724,1600,200.0,
veh421,1203.2301674577375,5,1519,3109,1590,318.0,
veh503,3511.570257883032,5,1828,3374,1546,309.2,
veh586,0.0,9,2133,3744,1611,179.0,
veh104,4986.602990986923,9,374,2031,1657,184.11111111111111,
veh422,5383.598594764098,8,1526,3077,1551,193.875,
veh501,4987.041497654895,6,1816,3436,1620,270.0,
veh107,5655.109080081006,6,391,1899,1508,251.33333333333334,
veh423,0.0,8,1527,3070,1543,192.875,
veh502,114434.01847290048,10,1818,3399,1581,158.1,
veh108,0.0,9,393,1945,1552,172.44444444444446,
veh543,0.0,8,1987,3622,1635,204.375,
veh556,807.9227893072101,9,2036,3714,1678,186.44444444444446,
veh507,5167.297918539853,8,1835,4002,2167,270.875,
veh544,702.8787180947787,9,1988,3447,1459,162.11111111111111,
veh584,1007.6864400777155,5,2128,4023,1895,379.0,
veh106,99083.36046941098,5,379,1820,1441,288.2,
veh505,0.0,8,1835,3378,1543,192.875,
veh587,865.6654496139641,7,2136,3746,1610,230.0,
veh545,1388.313860948638,5,1989,3521,1532,306.4,
veh585,6193.286237904412,6,2130,3847,1717,286.1666666666667,
veh788,1152.6623878908422,10,2879,4387,1508,150.8,
veh425,731.12474028434,9,1531,3211,1680,186.66666666666666,
veh504,0.0,10,1832,3376,1544,154.4,
veh787,141910.3467838983,5,2877,4860,1983,396.6,
veh112,6228.992037321885,9,401,1859,1458,162.0,
veh546,1264.4814742527399,6,1992,3522,1530,255.0,
veh588,874.4209884178216,8,2138,3849,1711,213.875,
veh111,1003.2215901751323,8,397,2100,1703,212.875,
veh426,814.9531340965899,7,1533,3079,1546,220.85714285714286,
veh506,6858.606284467032,7,1838,3380,1542,220.28571428571428,
veh552,0.0,10,2024,3461,1437,143.7,
veh589,0.0,9,2139,3731,1592,176.88888888888889,
veh805,1603.781273290714,7,2943,4574,1631,233.0,
veh109,4884.089348233557,9,394,1939,1545,171.66666666666666,
veh428,0.0,7,1539,3058,1519,217.0,
veh513,902.1426979265983,5,1863,3381,1518,303.6,
veh548,1127.2879872425833,8,2004,3563,1559,194.875,
veh592,0.0,9,2155,3736,1581,175.66666666666666,
veh110,4835.844540081149,6,397,1981,1584,264.0,
veh429,1353.4805609712298,6,1542,3060,1518,253.0,
veh591,1278.9262213125057,7,2145,3735,1590,227.14285714285714,
veh427,104874.00187781939,9,1534,3000,1466,162.88888888888889,
veh549,695.0207024915608,10,2015,3552,1537,153.7,
veh790,4101.913016298252,10,2886,4529,1643,164.3,
veh115,5062.9434398871535,7,415,2018,1603,229.0,
veh791,1389.552402342134,8,2890,4422,1532,191.5,
veh117,3510.489358824787,10,425,1902,1477,147.7,
veh508,4911.0772324115105,9,1838,4004,2166,240.66666666666666,
veh595,1310.1120988677671,9,2170,3729,1559,173.22222222222223,
veh116,801.7208229971568,7,422,1879,1457,208.14285714285714,
veh431,0.0,10,1543,3324,1781,178.1,
veh512,1413.3706997391723,6,1861,3589,1728,288.0,
veh438,4623.374586341993,5,1592,3073,1481,296.2,
veh510,4927.314311420454,6,1847,3529,1682,280.3333333333333,
veh550,711.9735808637412,5,2020,3549,1529,305.8,
veh113,3518.8716654921045,7,404,1877,1473,210.42857142857142,
veh430,132128.53281394907,5,1545,3062,1517,303.4,
veh551,1135.6284762898879,7,2021,3686,1665,237.85714285714286,
veh594,4649.354651985601,6,2161,3727,1566,261.0,
veh793,5283.377358784307,5,2895,4424,1529,305.8,
veh794,1619.2905547740318,10,2897,4569,1672,167.2,
veh114,828.892092603195,9,405,1904,1499,166.55555555555554,
veh433,4293.265556082033,6,1554,3071,1517,252.83333333333334,
veh557,7062.085148778784,7,2040,4012,1972,281.7142857142857,
veh123,1332.3072704922681,10,440,1983,1543,154.3,
veh511,0.0,6,1860,3329,1469,244.83333333333334,
veh593,1372.8978517312653,5,2156,3725,1569,313.8,
veh432,1252.530547174485,9,1547,3160,1613,179.22222222222223,
veh517,0.0,7,1885,3507,1622,231.71428571428572,
veh555,114179.85612844898,6,2030,3554,1524,254.0,
veh514,4320.934093198456,7,1867,3341,1474,210.57142857142858,
veh553,717.6544827300851,8,2027,3781,1754,219.25,
veh795,4809.591095076936,6,2911,4571,1660,276.6666666666667,
veh437,4918.322762532368,7,1585,3001,1416,202.28571428571428,
veh797,4474.52120178878,9,2915,4495,1580,175.55555555555554,
veh554,796.7721411726505,9,2026,3718,1692,188.0,
veh597,0.0,9,2177,3784,1607,178.55555555555554,
veh799,1140.476580268518,7,2918,4522,1604,229.14285714285714,
veh523,0.0,10,1903,4007,2104,210.4,
veh601,6746.52025782808,5,2191,4025,1834,366.8,
veh118,713.7683604904024,9,428,1919,1491,165.66666666666666,
veh516,3632.9414312196095,8,1882,3503,1621,202.625,
veh434,1136.5670304508099,9,1564,3508,1944,216.0,
veh596,3834.8192937686526,10,2171,3721,1550,155.0,
veh436,746.0372911509423,8,1570,3297,1727,215.875,
veh515,722.7904179591504,5,1870,3496,1626,325.2,
veh435,129852.30013579165,5,1565,3213,1648,329.6,
veh559,1123.4321873901656,8,2051,3642,1591,198.875,
veh603,1552.416011772769,10,2213,4027,1814,181.4,
veh119,1432.3667272893126,9,430,2020,1590,176.66666666666666,
veh599,0.0,10,2185,3900,1715,171.5,
veh121,136357.12198892626,5,435,2022,1587,317.4,
veh527,7311.480917150934,8,1920,4009,2089,261.125,
veh558,735.1764584523168,6,2048,3551,1503,250.5,
veh120,981.2915583303915,10,432,2002,1570,157.0,
veh598,6819.784953456383,7,2182,3790,1608,229.71428571428572,
veh804,805.0676582510562,10,2940,4524,1584,158.4,
veh600,1389.713478648602,10,2190,3786,1596,159.6,
veh800,4788.2256591437035,10,2925,4433,1508,150.8,
veh440,1486.8120037218214,7,1598,3510,1912,273.14285714285717,
veh518,6386.923142125731,6,1888,3508,1620,270.0,
veh560,830.2601372947014,9,2057,3714,1657,184.11111111111111,
veh522,727.4276966245501,10,1898,3602,1704,170.4,
veh561,5122.606950071041,5,2061,4014,1953,390.6,
veh801,879.121467660119,6,2927,4502,1575,262.5,
veh122,4981.739719456562,8,437,1894,1457,182.125,
veh439,0.0,10,1593,3326,1733,173.3,
veh562,1737.8432102267407,8,2064,4016,1952,244.0,
veh441,1292.093601942194,10,1601,3328,1727,172.7,
veh519,5708.489551128116,6,1889,3400,1511,251.83333333333334,
veh802,121000.83290770288,8,2936,4504,1568,196.0,
veh443,0.0,10,1604,3512,1908,190.8,
veh520,1185.957213914988,7,1890,3331,1441,205.85714285714286,
veh565,0.0,10,2070,3628,1558,155.8,
veh124,0.0,9,444,1901,1457,161.88888888888889,
veh442,959.7955704758976,9,1603,3329,1726,191.77777777777777,
veh521,912.1476377563148,6,1891,4005,2114,352.3333333333333,
veh563,6033.376458050789,6,2063,3626,1563,260.5,
veh567,1401.3411572131117,9,2076,3644,1568,174.22222222222223,
veh608,5551.340045639627,5,2242,3866,1624,324.8,
veh524,1208.8912894049117,9,1909,3510,1601,177.88888888888889,
veh610,4475.198822866954,6,2245,3738,1493,248.83333333333334,
veh803,859.7132775575216,9,2939,4862,1923,213.66666666666666,
veh125,0.0,6,446,1821,1375,229.16666666666666,
veh573,4849.271418328748,8,2093,3668,1575,196.875,
veh606,4260.172923827328,8,2230,3902,1672,209.0,
veh444,926.9119528777439,5,1606,3331,1725,345.0,
veh570,1211.6744293735296,8,2084,3788,1704,213.0,
veh607,128338.42927244601,7,2240,3851,1611,230.14285714285714,
veh126,127056.31190031212,9,452,2023,1571,174.55555555555554,
veh451,792.4754539215464,10,1631,3337,1706,170.6,
veh564,1214.2990458347504,7,2065,3846,1781,254.42857142857142,
veh525,5097.663695875798,8,1915,3383,1468,183.5,
veh605,4992.492979042065,7,2222,3835,1613,230.42857142857142,
veh806,796.1404556863407,6,2945,4531,1586,264.3333333333333,
veh530,4823.503898569597,8,1929,3593,1664,208.0,
veh571,0.0,8,2086,3645,1559,194.875,
veh604,1000.5368483367538,10,2215,3864,1649,164.9,
veh807,4135.023950847038,6,2946,4042,1096,182.66666666666666,
veh455,0.0,5,1644,3308,1664,332.8,
veh526,0.0,5,1919,3498,1579,315.8,
veh616,0.0,8,2261,3869,1608,201.0,
veh448,1039.1878933022615,7,1625,3325,1700,242.85714285714286,
veh566,0.0,10,2075,3687,1612,161.2,
veh813,106780.30882723018,9,2962,4526,1564,173.77777777777777,
veh613,1063.2651571191002,8,2247,3853,1606,200.75,
veh808,1472.264690507287,5,2949,4864,1915,383.0,
veh452,1080.0456032808495,10,1635,3142,1507,150.7,
veh568,6376.8422581902505,10,2080,4018,1938,193.8,
veh130,1349.4525804489526,9,474,1984,1510,167.77777777777777,
veh446,984.3014303137866,8,1611,3333,1722,215.25,
veh529,0.0,5,1926,3591,1665,333.0,
veh447,0.0,5,1616,3075,1459,291.8,
veh445,98597.40100911731,9,1610,3077,1467,163.0,
veh528,6832.022382369601,9,1922,3512,1590,176.66666666666666,
veh569,0.0,9,2081,3786,1705,189.44444444444446,
veh609,881.7758044704244,7,2244,3868,1624,232.0,
veh811,834.1908078895159,10,2959,4801,1842,184.2,
veh460,4166.819920918879,7,1656,3303,1647,235.28571428571428,
veh532,3601.186645726123,7,1945,3473,1528,218.28571428571428,
veh572,6489.722233392908,9,2090,3716,1626,180.66666666666666,
veh812,7023.7390823501755,5,2962,4802,1840,368.0,
veh814,117679.26757779211,6,2966,4527,1561,260.1666666666667,
veh456,122012.02371438358,8,1643,3215,1572,196.5,
veh534,713.5473927763574,7,1951,3385,1434,204.85714285714286,
veh575,5824.064599078629,6,2101,3669,1568,261.3333333333333,
veh127,0.0,9,466,2268,1802,200.22222222222223,
veh450,1479.8689180630313,9,1630,3326,1696,188.44444444444446,
veh531,5111.057834242526,7,1942,3747,1805,257.85714285714283,
veh449,1527.933834052606,9,1628,3334,1706,189.55555555555554,
veh611,5579.292823420753,5,2246,3783,1537,307.4,
veh620,130941.93281326685,6,2266,3791,1525,254.16666666666666,
veh815,1798.9584928121037,6,2968,4804,1836,306.0,
veh820,4694.303091940685,7,2994,4545,1551,221.57142857142858,
veh129,784.2328780121521,5,473,2004,1531,306.2,
veh535,0.0,6,1953,3712,1759,293.1666666666667,
veh612,133060.37624288298,10,2249,3790,1541,154.1,
veh533,7467.882797087516,10,1948,4010,2062,206.2,
veh574,0.0,5,2094,3742,1648,329.6,
veh614,0.0,8,2253,3716,1463,182.875,
veh128,4014.028832311623,6,469,1949,1480,246.66666666666666,
veh581,4140.76433342051,9,2121,3673,1552,172.44444444444446,
veh617,788.126778206244,9,2264,3723,1459,162.11111111111111,
veh539,1046.4847612787273,8,1974,3749,1775,221.875,
veh816,895.7685207153644,6,2977,4783,1806,301.0,
veh819,0.0,8,2989,4508,1519,189.875,
veh453,0.0,10,1638,3143,1505,150.5,
veh578,799.9499818176968,5,2112,3719,1607,321.4,
veh132,1124.6689503178068,8,480,2011,1531,191.375,
veh459,0.0,9,1655,3588,1933,214.77777777777777,
veh536,0.0,6,1955,3519,1564,260.6666666666667,
veh454,985.3294636758399,9,1641,3349,1708,189.77777777777777,
veh577,4045.8321894935957,6,2110,3671,1561,260.1666666666667,
veh615,0.0,5,2255,3837,1582,316.4,
veh133,3585.0717490896163,8,480,1930,1450,181.25,
veh457,896.3642893232012,9,1644,3339,1695,188.33333333333334,
veh619,982.6720878204427,9,2268,3910,1642,182.44444444444446,
veh131,665.4101839032509,8,477,1847,1370,171.25,
veh537,0.0,10,1966,3712,1746,174.6,
veh576,4119.390203259421,8,2104,3614,1510,188.75,
veh134,4764.096702325924,7,482,1986,1504,214.85714285714286,
veh622,838.3801494873343,5,2282,3912,1630,326.0,
veh579,6674.570042684491,7,2113,4020,1907,272.42857142857144,
veh618,720.3702870545367,10,2265,3748,1483,148.3,
veh458,120754.9044259338,8,1653,3310,1657,207.125,
veh538,3597.128600117902,10,1968,3561,1593,159.3,
veh580,3546.6125658252295,8,2117,3672,1555,194.375,
veh621,0.0,8,2279,3855,1576,197.0,
veh821,3563.5171239370925,10,2995,4611,1616,161.6,
veh825,858.2501206111747,6,2998,4613,1615,269.1666666666667,
veh135,762.3223953067904,8,498,2033,1535,191.875,
veh540,1550.3094779251037,10,1977,3751,1774,177.4,
veh822,4224.075020751805,5,2996,4532,1536,307.2,
veh744,1174.9071741574116,10,2739,4453,1714,171.4,
veh705,5713.842212196383,8,2617,4147,1530,191.25,
veh745,4997.787478403871,8,2742,4454,1712,214.0,
veh702,1036.4367243653269,10,2614,4245,1631,163.1,
veh748,7850.286563299758,6,2749,4509,1760,293.3333333333333,
veh703,126274.46525806029,8,2617,4247,1630,203.75,
veh747,1667.8802849252306,7,2746,4507,1761,251.57142857142858,
veh704,5492.809536878899,7,2621,4249,1628,232.57142857142858,
veh706,1202.5296885088371,7,2621,4135,1514,216.28571428571428,
veh746,0.0,5,2745,4456,1711,342.2,
veh709,3753.973922228635,8,2631,4500,1869,233.625,
veh708,1308.738837703499,6,2630,4118,1488,248.0,
veh749,918.2204902958205,10,2753,4295,1542,154.2,
veh750,6060.458311213845,7,2764,4296,1532,218.85714285714286,
veh707,3477.6592408195984,6,2628,4116,1488,248.0,
veh754,4178.108037317568,7,2774,4415,1641,234.42857142857142,
veh757,7751.977231731016,9,2787,4512,1725,191.66666666666666,
veh711,1114.1988646315463,10,2640,3871,1231,123.1,
veh751,4716.129533001997,5,2767,4298,1531,306.2,
veh718,800.6206371540941,8,2669,4156,1487,185.875,
veh710,1313.9283411256308,7,2634,4502,1868,266.85714285714283,
veh716,704.7245622520411,7,2663,4154,1491,213.0,
veh752,3639.564633298111,7,2770,4449,1679,239.85714285714286,
veh753,125236.43847814736,8,2771,4228,1457,182.125,
veh712,0.0,6,2650,4251,1601,266.8333333333333,
veh63,3332.2085255591787,6,245,1732,1487,247.83333333333334,
veh756,0.0,6,2784,4511,1727,287.8333333333333,
veh755,759.8795161465996,10,2782,4458,1676,167.6,
veh714,3664.7773519054563,10,2659,4175,1516,151.6,
veh715,5962.621497650319,7,2661,4136,1475,210.71428571428572,
veh759,5254.970676760088,10,2793,4514,1721,172.1,
veh719,724.126820581467,7,2672,4301,1629,232.71428571428572,
veh761,1413.2014152730449,5,2795,4461,1666,333.2,
veh758,0.0,7,2790,4030,1240,177.14285714285714,
veh717,747.205304017216,7,2664,4084,1420,202.85714285714286,
veh721,819.6510664077624,6,2674,4451,1777,296.1666666666667,
veh765,951.9288777671263,5,2804,4370,1566,313.2,
veh760,4779.507330355904,7,2792,4460,1668,238.28571428571428,
veh762,856.1731307950834,9,2794,4417,1623,180.33333333333334,
veh720,3714.5443279596857,6,2675,4157,1482,247.0,
veh722,1141.3303939581633,9,2677,4371,1694,188.22222222222223,
veh764,7422.917694910226,9,2798,4419,1621,180.11111111111111,
veh723,862.1689356524022,8,2680,4241,1561,195.125,
veh725,3726.7236294316854,10,2681,4409,1728,172.8,
veh763,1806.4757491807281,6,2796,4516,1720,286.6666666666667,
veh769,4896.620922844705,7,2823,4463,1640,234.28571428571428,
veh724,5160.118301610544,6,2683,4243,1560,260.0,
veh766,5856.291967404921,8,2813,4307,1494,186.75,
veh726,106230.63885189682,6,2682,4203,1521,253.5,
veh772,3602.610359932047,9,2832,4497,1665,185.0,
veh727,3702.4454710018845,7,2684,4490,1806,258.0,
veh767,6276.627196444896,6,2819,4371,1552,258.6666666666667,
veh730,0.0,6,2697,4252,1555,259.1666666666667,
veh732,738.8163587280186,10,2700,4176,1476,147.6,
veh770,3999.201655281362,9,2826,4421,1595,177.22222222222223,
veh728,0.0,5,2694,4245,1551,310.2,
veh768,0.0,8,2822,4300,1478,184.75,
veh729,956.4710309793319,9,2695,4138,1443,160.33333333333334,
veh775,0.0,5,2836,4308,1472,294.4,
veh731,5299.3624451405485,10,2700,3873,1173,117.3,
veh771,5534.962147404668,9,2829,4491,1662,184.66666666666666,
veh774,1139.3977582248049,6,2834,4564,1730,288.3333333333333,
veh733,956.3017311578225,5,2705,4265,1560,312.0,
veh776,6424.206825650499,5,2838,4499,1661,332.2,
veh736,3681.648967026943,7,2715,4307,1592,227.42857142857142,
veh773,1489.4527181569606,7,2833,4493,1660,237.14285714285714,
veh779,911.2112397711419,5,2846,4518,1672,334.4,
veh734,816.4836606665997,10,2708,4266,1558,155.8,
veh777,7260.092671472097,8,2841,4501,1660,207.5,
veh735,5952.473878786123,9,2708,4303,1595,177.22222222222223,
veh737,0.0,6,2717,4503,1786,297.6666666666667,
veh740,5866.353399949997,5,2726,4309,1583,316.6,
veh778,111915.46683125201,6,2841,4527,1686,281.0,
veh738,4713.625945164286,6,2721,4305,1584,264.0,
veh827,0.0,5,2998,4681,1683,336.6,
veh743,5182.743659859234,9,2737,4505,1768,196.44444444444446,
veh780,911.3189998504822,8,2848,3977,1129,141.125,
veh742,5974.274837270632,7,2727,4247,1520,217.14285714285714,
veh823,1170.6795004362566,7,2999,4552,1553,221.85714285714286,
veh782,1233.0974823666552,9,2852,4778,1926,214.0,
veh739,3547.7838070357225,6,2723,4414,1691,281.8333333333333,
veh783,966.3125599625557,6,2854,4522,1668,278.0,
veh741,4823.67017797363,7,2729,4311,1582,226.0,
veh781,1662.4134255924318,8,2849,4465,1616,202.0,
veh345,4989.231503310227,9,1243,2822,1579,175.44444444444446,
veh671,0.0,5,2488,3946,1458,291.6,
veh179,4601.05429403768,8,671,2176,1505,188.125,
veh340,0.0,8,1224,2931,1707,213.375,
veh624,1148.8193837213257,7,2292,3791,1499,214.14285714285714,
veh182,862.3894143451577,9,680,2103,1423,158.11111111111111,
veh338,0.0,10,1219,2750,1531,153.1,
veh663,0.0,10,2460,3945,1485,148.5,
veh178,1101.9989276389645,8,666,2101,1435,179.375,
veh907,1453.0046558371098,5,3233,5050,1817,363.4,
veh623,1248.9512233790663,7,2286,3856,1570,224.28571428571428,
veh665,711.5213079098849,9,2474,3921,1447,160.77777777777777,
veh339,4266.812004442009,7,1222,2752,1530,218.57142857142858,
veh625,1624.265377879091,9,2298,3913,1615,179.44444444444446,
veh917,0.0,8,3262,4828,1566,195.75,
veh343,1080.1026098051025,5,1235,2782,1547,309.4,
veh628,4916.733206592071,6,2306,3905,1599,266.5,
veh908,5072.5334856791405,7,3235,4861,1626,232.28571428571428,
veh342,1388.6245961202364,6,1236,2878,1642,273.6666666666667,
veh664,0.0,7,2469,3938,1469,209.85714285714286,
veh909,827.4144621657501,9,3239,4992,1753,194.77777777777777,
veh180,837.8002659536569,9,672,2102,1430,158.88888888888889,
veh181,0.0,5,676,2211,1535,307.0,
veh341,0.0,5,1233,2962,1729,345.8,
veh630,1093.9511891279683,7,2310,3735,1425,203.57142857142858,
veh626,5256.824805527474,5,2301,3915,1614,322.8,
veh910,0.0,5,3240,5052,1812,362.4,
veh666,933.2597208204836,5,2475,4142,1667,333.4,
veh667,0.0,8,2476,3950,1474,184.25,
veh188,0.0,8,701,2571,1870,233.75,
veh627,1142.9811972692967,8,2304,3941,1637,204.625,
veh911,753.5632635646059,6,3243,4865,1622,270.3333333333333,
veh187,4798.949323458946,5,698,2569,1871,374.2,
veh713,1120.4185046658647,5,2656,4149,1493,298.6,
veh183,809.1256325628893,8,681,2213,1532,191.5,
veh344,1310.1275430905412,9,1238,2783,1545,171.66666666666666,
veh669,0.0,8,2487,4224,1737,217.125,
veh185,1397.4385235031004,6,691,2566,1875,312.5,
veh672,3014.0056626423393,8,2501,3870,1369,171.125,
veh912,0.0,8,3243,4884,1641,205.125,
veh184,3628.057677750655,7,688,2261,1573,224.71428571428572,
veh347,3782.586634338807,5,1247,3053,1806,361.2,
veh668,1107.2788138154583,5,2482,4044,1562,312.4,
veh913,7651.002252846238,9,3246,4886,1640,182.22222222222223,
veh915,1220.2725579622327,5,3248,5048,1800,360.0,
veh942,724.3789516821328,7,3340,5120,1780,254.28571428571428,
veh186,6868.4424627736325,6,695,2567,1872,312.0,
veh352,4485.332342608374,6,1253,2899,1646,274.3333333333333,
veh629,971.3009595376773,9,2307,3947,1640,182.22222222222223,
veh914,5369.406996247421,10,3245,4974,1729,172.9,
veh348,0.0,7,1246,2665,1419,202.71428571428572,
veh632,7712.986124436987,10,2319,3871,1552,155.2,
veh670,7284.55631258302,8,2490,4225,1735,216.875,
veh346,6549.392636914109,10,1244,2753,1509,150.9,
veh631,1429.3415332172385,8,2311,3917,1606,200.75,
veh916,4298.1105010363335,6,3252,5018,1766,294.3333333333333,
veh189,1332.1501887611885,8,706,2297,1591,198.875,
veh919,944.6288065565911,6,3263,5054,1791,298.5,
veh193,7545.974936424579,5,713,2301,1588,317.6,
veh349,6382.358490260415,7,1249,2977,1728,246.85714285714286,
veh635,5992.747958684206,7,2333,3942,1609,229.85714285714286,
veh191,4207.750253335449,5,710,2349,1639,327.8,
veh633,3331.057942773904,5,2327,3773,1446,289.2,
veh677,1682.5863971880449,6,2519,4231,1712,285.3333333333333,
veh350,0.0,5,1247,3057,1810,362.0,
veh676,140825.203040761,5,2515,4104,1589,317.8,
veh190,4984.803103673489,5,707,2348,1641,328.2,
veh360,7507.50392398904,6,1272,3053,1781,296.8333333333333,
veh634,6141.759576208889,8,2332,4029,1697,212.125,
veh637,791.8687915901253,10,2335,3907,1572,157.2,
veh673,7415.527070761698,9,2502,4227,1725,191.66666666666666,
veh674,566.1866702446362,7,2503,3852,1349,192.71428571428572,
veh675,0.0,5,2512,4229,1717,343.4,
veh920,1271.878611023812,5,3267,4888,1621,324.2,
veh192,0.0,10,710,2299,1589,158.9,
veh356,3402.0486879463874,5,1262,2792,1530,306.0,
veh351,138099.35910110825,5,1250,3061,1811,362.2,
veh922,703.4952457729172,7,3269,4931,1662,237.42857142857142,
veh195,4915.436478240548,6,714,2475,1761,293.5,
veh636,1098.7508551005787,5,2334,3775,1441,288.2,
veh678,4803.954606507994,6,2515,3995,1480,246.66666666666666,
veh194,1523.0154706515643,8,716,2302,1586,198.25,
veh923,1306.2175467407967,7,3272,4684,1412,201.71428571428572,
veh924,6769.758039824719,5,3273,5019,1746,349.2,
veh354,4991.875157369446,5,1254,2774,1520,304.0,
veh921,0.0,7,3270,4890,1620,231.42857142857142,
veh353,1595.123083327916,10,1256,2901,1645,164.5,
veh642,0.0,7,2361,3875,1514,216.28571428571428,
veh926,0.0,5,3279,4891,1612,322.4,
veh638,0.0,9,2352,3873,1521,169.0,
veh196,113405.26151537042,8,717,2234,1517,189.625,
veh646,1085.3606928390377,8,2382,3904,1522,190.25,
veh927,0.0,5,3281,4938,1657,331.4,
veh358,1100.3075493152426,8,1270,2736,1466,183.25,
veh640,1102.6166264134595,5,2356,3938,1582,316.4,
veh692,1611.5665416141974,6,2575,4411,1836,306.0,
veh197,0.0,10,718,2421,1703,170.3,
veh355,4292.296468209754,10,1257,2775,1518,151.8,
veh639,1106.3136120831894,6,2355,3908,1553,258.8333333333333,
veh198,3525.629991927159,9,720,2105,1385,153.88888888888889,
veh641,0.0,6,2359,3940,1581,263.5,
veh679,694.5052440822991,7,2522,4009,1487,212.42857142857142,
veh199,1184.3886547363345,7,727,2515,1788,255.42857142857142,
veh681,5719.19188131705,6,2531,3920,1389,231.5,
veh925,925.0424987623853,9,3276,5021,1745,193.88888888888889,
veh680,6930.494171617319,6,2530,4143,1613,268.8333333333333,
veh931,4894.99140722559,10,3298,4934,1636,163.6,
veh643,0.0,10,2363,3920,1557,155.7,
veh201,715.371625549702,6,741,2425,1684,280.6666666666667,
veh357,4390.656655842703,9,1266,2918,1652,183.55555555555554,
veh690,3788.791348668072,5,2566,4238,1672,334.4,
veh644,103765.931472948,6,2368,3912,1544,257.3333333333333,
veh928,0.0,9,3289,4933,1644,182.66666666666666,
veh929,1727.8905075506318,10,3293,5056,1763,176.3,
veh200,1326.6811118231567,6,739,2351,1612,268.6666666666667,
veh682,4038.5354005452677,5,2534,4136,1602,320.4,
veh930,1128.9254466941052,10,3295,4976,1681,168.1,
veh202,1291.6016056785327,9,744,2263,1519,168.77777777777777,
veh683,1093.3122341369296,8,2542,4138,1596,199.5,
veh203,1125.7367526411913,5,744,2246,1502,300.4,
veh647,106182.43014378056,8,2396,3915,1519,189.875,
veh684,712.2839539525534,7,2552,4163,1611,230.14285714285714,
veh362,5039.77827388635,8,1277,2937,1660,207.5,
veh685,0.0,7,2557,4232,1675,239.28571428571428,
veh359,3604.6354396721467,5,1273,2991,1718,343.6,
veh656,5595.233504191243,7,2440,3917,1477,211.0,
veh361,5122.652051608203,7,1274,2835,1561,223.0,
veh645,0.0,7,2379,4136,1757,251.0,
veh686,758.9679028420737,8,2560,4235,1675,209.375,
veh933,132155.39266802123,6,3304,4938,1634,272.3333333333333,
veh204,4190.626414758193,7,746,2304,1558,222.57142857142858,
veh370,145582.94311779732,10,1301,2994,1693,169.3,
veh648,5054.3120383852975,9,2400,3942,1542,171.33333333333334,
veh363,0.0,9,1278,2992,1714,190.44444444444446,
veh688,1231.777223825397,6,2559,4449,1890,315.0,
veh691,1547.3653438611866,9,2572,4254,1682,186.88888888888889,
veh364,1529.381051139405,5,1284,2939,1655,331.0,
veh932,1294.8011471659327,8,3301,4936,1635,204.375,
veh934,1246.4244879568835,9,3310,4893,1583,175.88888888888889,
veh205,1086.9524384471536,5,747,2267,1520,304.0,
veh652,5103.911812688206,10,2412,3931,1519,151.9,
veh689,7611.621093091687,6,2566,4238,1672,278.6666666666667,
veh207,1011.9846696855648,8,757,2312,1555,194.375,
veh943,3936.430679490323,8,3341,4983,1642,205.25,
veh210,0.0,10,765,2275,1510,151.0,
veh365,1442.3740813193237,9,1287,2875,1588,176.44444444444446,
veh687,1264.7907534825038,7,2563,4237,1674,239.14285714285714,
veh649,3678.5939937600488,10,2402,4220,1818,181.8,
veh936,830.9949282804773,6,3332,4915,1583,263.8333333333333,
veh206,113421.22469664349,8,750,2273,1523,190.375,
veh366,134965.14427529537,8,1290,2877,1587,198.375,
veh697,4817.727260520936,10,2588,4082,1494,149.4,
veh651,744.7155083270468,7,2407,3948,1541,220.14285714285714,
veh935,0.0,5,3329,5109,1780,356.0,
veh939,4352.698711033223,9,3334,4977,1643,182.55555555555554,
veh650,6136.242835322147,6,2403,3943,1540,256.6666666666667,
veh208,1174.6863387069452,10,758,2305,1547,154.7,
veh937,6858.094950526929,5,3330,4895,1565,313.0,
veh367,0.0,9,1292,3059,1767,196.33333333333334,
veh662,1015.1007497757008,9,2456,4134,1678,186.44444444444446,
veh209,4121.9594923124205,10,762,2304,1542,154.2,
veh653,5499.936249602967,9,2419,4138,1719,191.0,
veh695,6485.828841118746,10,2584,4240,1656,165.6,
veh368,1487.819343020203,7,1296,2879,1583,226.14285714285714,
veh657,0.0,10,2443,3919,1476,147.6,
veh693,6696.565963868474,8,2576,4240,1664,208.0,
veh659,616.5464757507767,6,2447,3919,1472,245.33333333333334,
veh938,1573.6484524540608,8,3333,4897,1564,195.5,
veh945,807.848545528882,9,3348,4833,1485,165.0,
veh211,3583.7882778833805,6,767,2236,1469,244.83333333333334,
veh369,1399.8376082205482,8,1300,2881,1581,197.625,
veh940,998.9509399803834,10,3335,5003,1668,166.8,
veh213,1457.513106315249,5,782,2277,1495,299.0,
veh373,0.0,9,1305,2929,1624,180.44444444444446,
veh654,723.8665885757886,5,2432,3923,1491,298.2,
veh212,1108.8475328291806,9,777,2254,1477,164.11111111111111,
veh694,5228.323301873568,6,2579,4145,1566,261.0,
veh699,1142.5272333401228,7,2603,3952,1349,192.71428571428572,
veh371,0.0,5,1302,2878,1576,315.2,
veh941,4521.3383073533905,8,3338,4949,1611,201.375,
veh947,130539.80700938898,10,3355,4985,1630,163.0,
veh375,102335.61405732404,5,1307,2906,1599,319.8,
veh661,6764.490709694963,5,2455,4140,1685,337.0,
veh944,119241.16537676829,8,3344,4831,1487,185.875,
veh217,4193.476888299571,6,796,2307,1511,251.83333333333334,
veh372,4568.872971415981,10,1305,3054,1749,174.9,
veh655,0.0,10,2438,3944,1506,150.6,
veh214,3790.8295891369444,9,787,2565,1778,197.55555555555554,
veh374,3910.8901738340096,7,1308,2918,1610,230.0,
veh696,0.0,6,2587,4242,1655,275.8333333333333,
veh376,6083.026986757266,8,1322,2777,1455,181.875,
veh698,0.0,10,2600,4244,1644,164.4,
veh700,925.1214937272085,8,2608,4079,1471,183.875,
veh216,4605.262039096578,8,790,2567,1777,222.125,
veh701,0.0,9,2612,4201,1589,176.55555555555554,
veh946,0.0,7,3351,4835,1484,212.0,
veh258,4470.799111850659,5,936,2485,1549,309.8,
veh377,129380.26896013603,8,1323,2919,1596,199.5,
veh658,5020.199772831948,5,2444,4124,1680,336.0,
veh259,4966.469582792939,5,942,2716,1774,354.8,
veh215,5262.975536335879,6,788,2235,1447,241.16666666666666,
veh660,1381.9864917061466,5,2450,4222,1772,354.4,
veh138,686.33829430894,10,506,1968,1462,146.2,
veh583,953.9336084050071,10,2125,4022,1897,189.7,
veh953,7471.844193416795,10,3371,5114,1743,174.3,
veh950,0.0,5,3367,5014,1647,329.4,
veh142,1118.9467559666043,5,523,2092,1569,313.8,
veh949,940.7753009675203,7,3357,5110,1753,250.42857142857142,
veh139,107149.39724756611,9,517,2034,1517,168.55555555555554,
veh959,5019.877334596805,8,3382,4981,1599,199.875,
veh140,5709.596673587594,9,518,2012,1494,166.0,
veh141,0.0,6,520,1989,1469,244.83333333333334,
veh952,990.1039561365081,7,3368,5112,1744,249.14285714285714,
veh144,1266.2680291705371,10,537,2564,2027,202.7,
veh951,4619.563490246891,9,3370,5122,1752,194.66666666666666,
veh143,0.0,7,536,2014,1478,211.14285714285714,
veh954,0.0,7,3371,4946,1575,225.0,
veh955,1165.5764534817372,7,3374,4998,1624,232.0,
veh145,0.0,9,544,2036,1492,165.77777777777777,
veh956,4822.326298788482,6,3378,5058,1680,280.0,
veh147,7565.950238967054,9,549,2612,2063,229.22222222222223,
veh960,4516.238197915951,5,3382,4986,1604,320.8,
veh146,3520.378212441971,6,547,2208,1661,276.8333333333333,
veh958,870.9977445547737,7,3379,4979,1600,228.57142857142858,
veh148,723.6746306987469,10,558,2093,1535,153.5,
veh957,1681.8970265251448,8,3381,5059,1678,209.75,
veh150,5008.865319675823,8,563,2102,1539,192.375,
veh969,0.0,6,3421,5128,1707,284.5,
veh149,3529.511590600701,10,562,1991,1429,142.9,
veh963,1394.9127603922057,9,3389,4933,1544,171.55555555555554,
veh962,0.0,5,3386,5127,1741,348.2,
veh151,0.0,7,568,2040,1472,210.28571428571428,
veh961,1573.4531751915736,10,3385,4988,1603,160.3,
veh155,3957.1524518724855,5,597,2102,1505,301.0,
veh967,0.0,6,3407,5107,1700,283.3333333333333,
veh152,731.8355961253038,10,571,1988,1417,141.7,
veh964,5417.796170031518,6,3390,4982,1592,265.3333333333333,
veh153,716.4182575247277,5,579,2171,1592,318.4,
veh965,5403.8053214112,10,3392,5115,1723,172.3,
veh154,4048.0345594288056,9,591,2042,1451,161.22222222222223,
veh157,3950.120747912572,6,599,2038,1439,239.83333333333334,
veh966,1309.7907496778093,7,3404,5005,1601,228.71428571428572,
veh968,0.0,10,3415,5000,1585,158.5,
veh159,0.0,8,602,1993,1391,173.875,
veh970,7228.175931671981,6,3427,4984,1557,259.5,
veh156,1427.6749157042452,8,598,2172,1574,196.75,
veh160,0.0,10,606,2289,1683,168.3,
veh978,1272.5424449504933,8,3449,5016,1567,195.875,
veh971,752.1005356415866,9,3431,5181,1750,194.44444444444446,
veh158,711.8663911854778,6,601,2233,1632,272.0,
veh975,1115.1132446433394,9,3443,4988,1545,171.66666666666666,
veh972,4214.065673852165,8,3432,4986,1554,194.25,
veh162,0.0,5,609,2097,1488,297.6,
veh161,0.0,6,609,2174,1565,260.8333333333333,
veh973,3780.4274460509814,8,3437,4899,1462,182.75,
veh163,1354.1851478577207,6,612,2098,1486,247.66666666666666,
veh974,801.3494125603328,5,3440,4900,1460,292.0,
veh977,1265.2574745143224,7,3445,5182,1737,248.14285714285714,
veh165,0.0,7,616,2231,1615,230.71428571428572,
veh786,141249.15829034505,8,2874,4780,1906,238.25,
veh164,1113.2711916509702,7,615,2100,1485,212.14285714285714,
veh167,4853.937087192971,6,630,2057,1427,237.83333333333334,
veh976,4937.559120107593,8,3444,5187,1743,217.875,
veh980,5744.217382751177,7,3455,5136,1681,240.14285714285714,
veh166,1141.175231446016,10,629,2096,1467,146.7,
veh979,0.0,5,3453,5225,1772,354.4,
veh984,0.0,8,3470,5041,1571,196.375,
veh168,3371.613470225845,10,635,2126,1491,149.1,
veh986,0.0,6,3478,5189,1711,285.1666666666667,
veh170,881.153177848399,10,642,2016,1374,137.4,
veh983,1347.6895621318702,7,3466,5404,1938,276.85714285714283,
veh169,0.0,8,639,2211,1572,196.5,
veh988,802.2309713261762,9,3480,5042,1562,173.55555555555554,
veh172,0.0,7,647,2302,1655,236.42857142857142,
veh982,121480.8139603019,6,3459,5039,1580,263.3333333333333,
veh981,3428.0192482837474,8,3456,5037,1581,197.625,
veh171,5094.268694271569,8,643,2296,1653,206.625,
veh173,0.0,8,654,2097,1443,180.375,
veh985,983.0234681244007,5,3474,5405,1931,386.2,
veh175,4818.046121878078,10,659,2259,1600,160.0,
veh174,0.0,10,657,2232,1575,157.5,
veh176,1373.1980520401878,6,661,2099,1438,239.66666666666666,
veh177,765.9651688831962,8,664,2210,1546,193.25,
veh987,950.5076062906322,9,3481,5191,1710,190.0,
veh222,152043.14258183414,6,820,2571,1751,291.8333333333333,
veh33,945.1676191717556,10,151,1772,1621,162.1,
veh29,0.0,8,125,1769,1644,205.5,
veh218,1117.8183674853008,10,811,2422,1611,161.1,
veh219,718.9880208145804,6,813,2440,1627,271.1666666666667,
veh30,1595.519310284122,10,135,1771,1636,163.6,
veh31,1357.4894325760276,6,136,1804,1668,278.0,
veh220,4443.348141662277,7,816,2058,1242,177.42857142857142,
veh32,723.0351637149208,8,148,1624,1476,184.5,
veh36,5853.190052774126,6,157,1812,1655,275.8333333333333,
veh221,938.8796738427507,10,817,2569,1752,175.2,
veh223,4168.1954889691815,5,822,2353,1531,306.2,
veh34,129083.35958744332,5,153,1810,1657,331.4,
veh35,937.0128340016769,9,154,1808,1654,183.77777777777777,
veh602,886.7086555642896,9,2195,3788,1593,177.0,
veh225,6958.987220819704,9,832,2573,1741,193.44444444444446,
veh224,0.0,9,831,2477,1646,182.88888888888889,
veh38,0.0,8,160,1752,1592,199.0,
veh37,120327.20617400133,8,157,1661,1504,188.0,
veh40,4856.33793737153,6,164,1765,1601,266.8333333333333,
veh227,731.6815382200645,6,837,2237,1400,233.33333333333334,
veh226,6940.317453806658,6,835,2424,1589,264.8333333333333,
veh39,3438.269437755095,9,163,1798,1635,181.66666666666666,
veh232,0.0,8,845,2427,1582,197.75,
veh229,0.0,9,841,2387,1546,171.77777777777777,
veh228,1322.875333229373,8,838,2478,1640,205.0,
veh42,1678.8629354383668,6,175,1767,1592,265.3333333333333,
veh41,132484.07031871766,7,172,1814,1642,234.57142857142858,
veh46,730.1142266910348,8,191,1693,1502,187.75,
veh230,1102.0622377572872,6,843,2255,1412,235.33333333333334,
veh43,141915.772357665,8,182,1768,1586,198.25,
veh50,1046.2846442312452,6,202,1936,1734,289.0,
veh234,2935.1794848001996,9,859,2183,1324,147.11111111111111,
veh45,1749.4732415460974,5,186,1812,1626,325.2,
veh231,134736.7092040818,6,846,2257,1411,235.16666666666666,
veh237,0.0,10,878,2547,1669,166.9,
veh44,0.0,7,183,1774,1591,227.28571428571428,
veh233,7047.216749130329,5,851,2573,1722,344.4,
veh52,856.3851916613429,10,209,1938,1729,172.9,
veh235,1339.320321260397,10,874,2574,1700,170.0,
veh47,95745.4280419358,9,193,1708,1515,168.33333333333334,
veh51,688.6457671336283,10,203,1466,1263,126.3,
veh236,5975.981844011194,6,875,2441,1566,261.0,
veh242,0.0,9,890,2136,1246,138.44444444444446,
veh238,5034.426580347061,9,882,2238,1356,150.66666666666666,
veh240,4273.6196884265755,9,887,2574,1687,187.44444444444446,
veh48,0.0,10,194,1877,1683,168.3,
veh239,1303.4677825588305,10,885,2240,1355,135.5,
veh49,3693.7611446205706,5,197,1933,1736,347.2,
veh241,99634.43673857498,10,888,2339,1451,145.1,
veh245,6510.004678905201,8,898,2482,1584,198.0,
veh792,6344.981047576097,5,2893,4567,1674,334.8,
veh53,1696.0061311111617,7,210,1776,1566,223.71428571428572,
veh243,1306.7844731144194,5,891,2576,1685,337.0,
veh57,3830.569869436981,10,228,1710,1482,148.2,
veh244,0.0,6,895,2480,1585,264.1666666666667,
veh248,5413.111061964692,8,900,2576,1676,209.5,
veh54,0.0,5,213,1807,1594,318.8,
veh246,1376.0220399885802,10,901,2484,1583,158.3,
veh247,4779.883961012468,5,904,2137,1233,246.6,
veh55,1179.3029103538836,10,216,1808,1592,159.2,
veh249,0.0,8,906,2578,1672,209.0,
veh251,0.0,9,910,2592,1682,186.88888888888889,
veh56,0.0,7,216,1862,1646,235.14285714285714,
veh250,724.7886538945892,5,908,2493,1585,317.0,
veh796,97244.00777982165,7,2914,4186,1272,181.71428571428572,
veh252,5921.965972100462,5,915,2548,1633,326.6,
veh59,1567.2805950661318,9,233,1939,1706,189.55555555555554,
veh58,795.8984014447675,10,230,1770,1540,154.0,
veh253,0.0,10,927,2494,1567,156.7,
veh62,0.0,10,242,1866,1624,162.4,
veh60,122982.3626275336,8,237,1864,1627,203.375,
veh254,0.0,8,928,2610,1682,210.25,
veh255,787.8356912491035,5,933,3042,2109,421.8,
veh61,5377.005788347925,9,239,1599,1360,151.11111111111111,
veh256,6483.073949146581,6,936,3044,2108,351.3333333333333,
veh64,1088.5159382544969,7,249,1816,1567,223.85714285714286,
veh257,1548.9340026581729,9,935,2550,1615,179.44444444444446,
ALL SIMULATION,
total_steps(sec), minutes, median_package_all_sim,
5554,93.0,225.71206797858864,
